Overall Score: 0.4588871086776733
Comprehensiveness: 0.42893869857457606
Insight: 0.45105809714221634
Instruction Following: 0.48935759591649547
Readability: 0.4815997238837896
