Overall Score: 0.4625430617264026
Comprehensiveness: 0.43380349524718514
Insight: 0.4566292033981527
Instruction Following: 0.48962424977848873
Readability: 0.48293858913287546
