Overall Score: 0.4547460892353609
Comprehensiveness: 0.4302953390177847
Insight: 0.4490349059934659
Instruction Following: 0.4818246108653956
Readability: 0.4756602507470361
