Overall Score: 0.45843189071917795
Comprehensiveness: 0.4277842822517833
Insight: 0.45113066795438567
Instruction Following: 0.4887310630781937
Readability: 0.4811099029007886
