Overall Score: 0.45817105279008064
Comprehensiveness: 0.4275523510430377
Insight: 0.4511482644718288
Instruction Following: 0.4879825420364823
Readability: 0.48078571573244605
