Overall Score: 0.45379854184189955
Comprehensiveness: 0.4330364125644692
Insight: 0.440182584324824
Instruction Following: 0.4842772616349334
Readability: 0.4779330670510558
