Overall Score: 0.45803046490356214
Comprehensiveness: 0.42731880404367995
Insight: 0.45111308920792964
Instruction Following: 0.48789764137917674
Readability: 0.4805992402972218
