Overall Score: 0.45196149871135194
Comprehensiveness: 0.4341958797484097
Insight: 0.4332785586350482
Instruction Following: 0.4856331409704094
Readability: 0.4785791317582171
