Overall Score: 0.4588535148287712
Comprehensiveness: 0.42924396615311505
Insight: 0.45060820691478565
Instruction Following: 0.48933459427001375
Readability: 0.481130359995718
