Overall Score: 0.45870386818501324
Comprehensiveness: 0.42809189420501864
Insight: 0.45152100898208775
Instruction Following: 0.48881151436433246
Readability: 0.48126631468998293
