Overall Score: 0.46040919918377377
Comprehensiveness: 0.43085072481784614
Insight: 0.4531267028827715
Instruction Following: 0.48962960629360813
Readability: 0.48216211773004647
