Overall Score: 0.4619080997998352
Comprehensiveness: 0.4331326450471259
Insight: 0.4553107199365218
Instruction Following: 0.489963784090181
Readability: 0.482754015279929
