Overall Score: 0.44970711020879883
Comprehensiveness: 0.4347741511163668
Insight: 0.42838843099897567
Instruction Following: 0.4823019250267716
Readability: 0.4772269670681296
