Overall Score: 0.4531084665005632
Comprehensiveness: 0.4317978580487073
Insight: 0.44099842678135986
Instruction Following: 0.4821004934717545
Readability: 0.47693105626034715
