Overall Score: 0.4563245702144233
Comprehensiveness: 0.4279051461069594
Insight: 0.4476121248857937
Instruction Following: 0.48654035818184005
Readability: 0.47921415866668504
