Overall Score: 0.45868132612219514
Comprehensiveness: 0.4282246800021035
Insight: 0.4513730012913628
Instruction Following: 0.48893237706458226
Readability: 0.4813330487048773
