Overall Score: 0.4545578183567923
Comprehensiveness: 0.43031613480007996
Insight: 0.4482341257349268
Instruction Following: 0.48134742188602514
Readability: 0.4758920949221467
