Overall Score: 0.4611876667822419
Comprehensiveness: 0.4319560301884612
Insight: 0.45483018262681874
Instruction Following: 0.48901973775906654
Readability: 0.48240058092974913
