Overall Score: 0.4573119446322981
Comprehensiveness: 0.4251865539564766
Insight: 0.45140461074840676
Instruction Following: 0.487328911901537
Readability: 0.4802086885658183
