Overall Score: 0.45906611148392934
Comprehensiveness: 0.4290287477040699
Insight: 0.45177942017521344
Instruction Following: 0.48917817070556974
Readability: 0.48118693097608695
