Overall Score: 0.4586974864042185
Comprehensiveness: 0.4289491383715385
Insight: 0.4507067537736663
Instruction Following: 0.4892012766983889
Readability: 0.4809845471325522
