Overall Score: 0.45116350679466316
Comprehensiveness: 0.4366047726385495
Insight: 0.4301595436519836
Instruction Following: 0.48359146207374754
Readability: 0.4774974867312191
