Overall Score: 0.4589973277421329
Comprehensiveness: 0.42886183455486376
Insight: 0.4516540691758094
Instruction Following: 0.48910342136805374
Readability: 0.4810262730719198
