Overall Score: 0.45818540369889466
Comprehensiveness: 0.427329933878729
Insight: 0.45142132948730385
Instruction Following: 0.487901937751067
Readability: 0.48071189785009005
