Overall Score: 0.451367952125689
Comprehensiveness: 0.4323696332961973
Insight: 0.4335502436336455
Instruction Following: 0.4867712204283554
Readability: 0.47737988293034683
