Overall Score: 0.4566656293703274
Comprehensiveness: 0.43320188238735324
Insight: 0.44799066439022894
Instruction Following: 0.48647081580401047
Readability: 0.47753245833964586
