Overall Score: 0.453465330434395
Comprehensiveness: 0.42901232402701694
Insight: 0.44603740285936216
Instruction Following: 0.48227607671639233
Readability: 0.4758191146456068
