Overall Score: 0.46247087239284257
Comprehensiveness: 0.43392744258981664
Insight: 0.4562352952521328
Instruction Following: 0.48973463009999424
Readability: 0.48260921479241875
