Overall Score: 0.4557832409646977
Comprehensiveness: 0.4321202738489619
Insight: 0.44698781811316424
Instruction Following: 0.48529231281353813
Readability: 0.47766273187056985
