Overall Score: 0.45385694515747477
Comprehensiveness: 0.4320698789470004
Insight: 0.44225548712221135
Instruction Following: 0.48236582282780904
Readability: 0.478300187616194
