Overall Score: 0.4537144935646441
Comprehensiveness: 0.431403429801423
Insight: 0.44438246705238504
Instruction Following: 0.48151736163494807
Readability: 0.4773069890715515
