Overall Score: 0.45017414755418195
Comprehensiveness: 0.4349531096823773
Insight: 0.4292299042446069
Instruction Following: 0.4824975595453308
Readability: 0.47779661430146586
