Overall Score: 0.4538344831782014
Comprehensiveness: 0.4301381632610274
Insight: 0.4447026678158326
Instruction Following: 0.4833584041560073
Readability: 0.4769839139023971
