Overall Score: 0.4546381947802578
Comprehensiveness: 0.43008520483639817
Insight: 0.4482613392269739
Instruction Following: 0.4826003926641161
Readability: 0.47631576642694
