Overall Score: 0.45278238722964864
Comprehensiveness: 0.4299782377438506
Insight: 0.4423886749054158
Instruction Following: 0.48257351239866525
Readability: 0.4763971286897376
