Overall Score: 0.4584069458474132
Comprehensiveness: 0.4280722764621175
Insight: 0.45067652520128476
Instruction Following: 0.4889841999673792
Readability: 0.4808915841588191
