Overall Score: 0.4546960846403857
Comprehensiveness: 0.42776141695023934
Insight: 0.44684408946285703
Instruction Following: 0.48556917547418166
Readability: 0.47795753695376736
