Overall Score: 0.4556562416704097
Comprehensiveness: 0.4267705893374283
Insight: 0.4472822206334279
Instruction Following: 0.4861858224848707
Readability: 0.47875691237495954
