Overall Score: 0.45888629741860887
Comprehensiveness: 0.4290189059458618
Insight: 0.45131974900759675
Instruction Following: 0.489211015940056
Readability: 0.4812086953727339
