Overall Score: 0.4573115744288735
Comprehensiveness: 0.4257833292070686
Insight: 0.4510738712300632
Instruction Following: 0.4872448561026532
Readability: 0.48010831198059517
