Overall Score: 0.46236124143268836
Comprehensiveness: 0.43439169654474313
Insight: 0.45589299023849017
Instruction Following: 0.48988826955157294
Readability: 0.48212821446669785
