Overall Score: 0.4537555899004348
Comprehensiveness: 0.429630920690837
Insight: 0.44621565175386935
Instruction Following: 0.481843785904597
Readability: 0.4767413049258695
