Overall Score: 0.45585796137319995
Comprehensiveness: 0.4359861959461964
Insight: 0.43992014575794164
Instruction Following: 0.4899535043449873
Readability: 0.47857654759522406
