Overall Score: 0.44803078362768584
Comprehensiveness: 0.43013586995058184
Insight: 0.4256263243751829
Instruction Following: 0.48224075555893925
Readability: 0.4796117335552856
