Overall Score: 0.4550592804915195
Comprehensiveness: 0.4302344065854396
Insight: 0.44930672241835706
Instruction Following: 0.4823878140805584
Readability: 0.4757509648944897
