Overall Score: 0.4542723945106088
Comprehensiveness: 0.4306593916416418
Insight: 0.4457670422494628
Instruction Following: 0.4829086312953588
Readability: 0.47685425275061816
