Overall Score: 0.4558294247086072
Comprehensiveness: 0.4267699132641994
Insight: 0.44750309277084216
Instruction Following: 0.48644466477404097
Readability: 0.47880730960532375
