Overall Score: 0.4583751788176996
Comprehensiveness: 0.4275480391445189
Insight: 0.4512232836235837
Instruction Following: 0.48863842364908444
Readability: 0.48090161850026364
