Overall Score: 0.4551364715960784
Comprehensiveness: 0.42536089036850167
Insight: 0.44707143492116863
Instruction Following: 0.48490411317409843
Readability: 0.4790222483054902
