Overall Score: 0.45260949325355876
Comprehensiveness: 0.4268362880446751
Insight: 0.445976304807104
Instruction Following: 0.47987422454344647
Readability: 0.47584292153136976
