Overall Score: 0.4510987351702219
Comprehensiveness: 0.4326863664196279
Insight: 0.43240703675071074
Instruction Following: 0.48631727711467565
Readability: 0.47748428703402307
