Overall Score: 0.45459823773705343
Comprehensiveness: 0.43039581172805647
Insight: 0.44758841863923576
Instruction Following: 0.4822838941332693
Readability: 0.4762619547578094
