Overall Score: 0.45512569957854393
Comprehensiveness: 0.42579562495374157
Insight: 0.4488237888213426
Instruction Following: 0.4855567960085061
Readability: 0.4782841983372166
