Overall Score: 0.4544179648112414
Comprehensiveness: 0.4346401669938635
Insight: 0.438824057048961
Instruction Following: 0.4885707551297705
Readability: 0.47695470332987755
