Overall Score: 0.4558759819354715
Comprehensiveness: 0.43585739874334906
Insight: 0.4409034738413418
Instruction Following: 0.48952322977219026
Readability: 0.47825565560924405
