Overall Score: 0.44739059711272894
Comprehensiveness: 0.4334622481505594
Insight: 0.4251433381276781
Instruction Following: 0.4808270854456693
Readability: 0.4742239977013491
