Overall Score: 0.4549607582756397
Comprehensiveness: 0.42525423163575354
Insight: 0.4464465653969544
Instruction Following: 0.485153866450765
Readability: 0.47939766971002906
