Overall Score: 0.4521793599819468
Comprehensiveness: 0.4354128299718335
Insight: 0.433309413947824
Instruction Following: 0.48550856944253623
Readability: 0.4782680124392645
