Overall Score: 0.46215009481436575
Comprehensiveness: 0.4344111154010287
Insight: 0.45484218147855027
Instruction Following: 0.48997045288320146
Readability: 0.48215266116897226
